-10.638225869348586
-2.4498357586164787
-5.094312776969187
-15.865180636092232
-12.351832323380027
0.12957713760794276
10.914168981631192
-10.115803946972003
15.269876323719936
-4.861382361374017
-16.673715857706362
-15.96817405976039
2.468755331293864
-14.43441180084095
-11.401935579615758
13.689499841946553
9.88941989046695
-14.694065049556821
5.996589959952251
14.074914471369183
-1.861932889715971
9.183701793744849
-9.502022793530431
12.076274212902867
5.31707921148663
-0.3164222427652422
-10.56161879222483
8.18798981521697
-16.131923891121744
6.727833791155822
7.232649501627978
12.32553514003221
-8.07955885537849
5.446939166370087
0.3011649603626586
-11.289791837682296
-13.432151661508676
-13.398577218568217
-0.6940982120301545
16.344192222521613
0.1785679910709899
4.100404455788375
5.342373501144228
0.6122444048358643
0.4262702775386036
5.8325681016415745
-7.150640663032474
-9.900551699585606
-11.233459831138424
-14.73568841097561
-10.696355835503862
5.544179497360208
-8.463294364874294
-13.488432667374028
-11.49473382078485
5.272373213814077
-8.382181326816857
8.217892517614834
-1.700733999890839
-1.0537614219547258
7.9222378827226505
-15.666227444170229
-16.46252938223185
11.299042749700702
-3.9089024298167763
10.757354124975752
4.933395696429374
2.0887138341467653
13.912829145240446
13.200578666634547
1.3889007699709928
-13.948590443543353
-6.032305377673565
-1.2909686465283174
13.988769735074795
12.042814054435475
9.940743417902748
9.485794060049733
5.702719570640803
0.18655399141594875
10.744161638420731
11.141918086406962
-8.17869959055959
3.9040314860850467
16.65980210315046
2.0039422304495016
