4.3165022243901925
0.35997222501345233
0.5469966549668555
-26.467232059083408
-15.976433721157557
-4.012335944625046
-28.068055415315186
23.91233841100391
-15.263215853597316
-6.4966045189063095
-9.785796756284812
18.658096883397665
-0.8089086079366077
-26.22696471231476
-14.044768841833783
-14.118452750738994
26.207748313748393
-10.415677305027678
14.7269864136282
-18.507470354464548
10.737558971723857
-20.910600331678044
-21.641918177428565
25.672462188039827
-9.429048605542148
-6.624962293062301
0.4532799322625396
1.1630322194868312
1.4753785619923938
-21.825874292319426
18.498428781131764
2.590787190026824
2.7688526341969903
26.81780478293335
-23.88702668743791
4.571076430517097
14.124505472789247
11.968033096365833
1.187213728701323
22.238800582639392
22.34878072214197
23.498127659366208
4.236415449438865
23.475803837135256
-3.4073691425612904
-8.448337357387043
-1.4376977787565244
27.901286290649445
-17.093299157801027
-4.457603286052857
20.767757212648924
15.739034151566583
19.361032829151966
-6.427464179000503
7.737512540886982
27.453957340326777
-3.553182221014672
18.60745639008617
13.087251410668092
10.26706518912108
15.939951922002779
-21.37851002087804
-16.794839342299284
28.459545290893576
-21.083675376778636
-20.129075031060054
21.124352329550803
-5.598866280019409
-23.837951869120506
11.020186445934629
-12.736272148120424
-26.037118942199204
-2.928648738324104
29.93950068946863
-2.366087636636563
-16.853089559477947
-23.16490545091292
28.630655942973434
13.458546761546407
12.167648932683965
19.219196886577542
-9.014235774197866
-15.325365068300174
-4.60065105635856
10.532679575933473
-7.7324240178740675
