-7.679801963481068
-3.827230565191984
0.6663173339512762
-26.79062073487624
-15.628149266201287
-1.683872938015032
-44.975
22.566672376973592
-30.0
16.704745856575606
-30.97421475887376
25.813450878418866
-1.5130347931409207
-26.204920152385128
-18.33499053931461
-7.012777581966617
-4.338489842924446
-4.0275950961736395
24.863422928217776
-18.776414796482136
30.0
-30.0
-20.27511075184214
30.0
-18.80269883473029
-30.0
-26.055270088586166
3.7502359095209385
4.93357643148771
-24.785485042883852
-4.506112247298951
13.637698161296775
17.95911516929614
-13.908946553563124
-13.657619134649785
30.0
11.402028415313659
13.115134623540452
-20.209264006924464
5.878508306173718
25.94898124752855
25.119209477445253
25.633529513789703
30.0
-11.003761852576503
7.2356573682859295
2.022488263238638
-30.0
-4.265481793832053
-15.957824342922432
30.0
0.5369022073327976
16.94608979165846
-18.145636733281652
-24.410741761388106
11.10096937122431
-30.0
-30.0
30.0
10.338046361817959
9.718131920508219
-24.895427469179396
-30.0
30.0
-30.0
30.0
30.0
19.92810439779234
-19.642704946553277
-17.199112141875375
28.141926456199577
30.0
-9.311082384116819
-10.567651483010641
11.494054354311704
-30.0
-30.0
25.45046503043379
-29.176890455282802
-24.596848964602657
18.796037420773175
15.456307089267408
-30.0
-21.251886668308725
-19.888604202012566
-9.956194957659411
