-2.5646159975674654
-3.827230565191984
0.6663173339512762
-26.79062073487624
-15.628149266201287
-0.522113630900473
-44.975
22.566672376973592
-30.0
22.5732937558329
-30.97421475887376
-8.667534516906672
-1.5130347931409207
-26.204920152385128
-0.25678013396986654
-7.012777581966617
-10.411810621891684
-4.0275950961736395
42.527048587770956
-18.776414796482136
36.68487657437563
-30.0
-20.40433751228978
68.14007388022227
-18.80269883473029
-30.0
-26.055270088586166
30.0
4.93357643148771
-24.785485042883852
-4.506112247298951
13.637698161296775
17.75330358779847
-13.908946553563124
-21.396672345854945
30.0
11.402028415313659
13.115134623540452
-46.62138095448629
30.0
25.94898124752855
25.119209477445253
25.633529513789703
30.0
-11.003761852576503
39.884219620946254
2.022488263238638
-30.0
-9.714100888587492
-4.918870091743998
30.0
0.5369022073327976
16.94608979165846
-18.145636733281652
-7.5262991136833755
11.10096937122431
-62.36952087868196
-30.877878322898713
30.0
-8.988678131022755
9.718131920508219
-38.8564620165596
-30.0
30.0
-30.0
-39.66114716905261
22.104425511478052
19.92810439779234
-3.9660708208414848
-17.199112141875375
-1.7537026847322639
30.0
-9.311082384116819
6.9344361816217
11.494054354311704
-41.817751376324985
-30.0
-3.4889659167740215
-9.037188070402827
-24.596848964602657
18.796037420773175
15.456307089267408
-37.26550763830579
-18.797636624407737
-19.888604202012566
-9.956194957659411
