0.0
23.03912949495847
29.84579119492072
50.18588453298007
51.632186975342314
610.6646730931698
51.279409636982265
87.13772249654441
0.0
50.59321326962214
44.633443964325956
0.0
0.0
7.3235455776910605
32.23424550824132
26.924892083913903
0.0
79.11091463294612
47.970244858501495
11.557941982726962
33.2845188268897
0.0
0.0
1260.617173223605
0.0
0.0
0.0
0.425087458814678
0.0
97.50850429104294
0.0
24.284911877172707
0.0
0.0
0.0
0.0
89.7187792470185
0.32715908069288663
2.054565959401055
535.4020706659857
8.733305273781543
0.09691636881675178
0.2549409407292081
0.0
0.0
32.295754982136216
19.30793351503352
0.0
0.0
90.58574372598189
0.0
11.531704607502435
21.04534273941273
0.0
0.0
20.450994029185686
0.0
17.763365656445735
0.9876178328567194
5.703047904531445
0.15773925402774164
0.0
46.91928901237111
53.99447657030372
867.2498960725876
27.953684854070776
0.0026440761531566475
0.0
45.90873868566889
35.5267300716199
0.0
66.03747826392171
0.0
0.0
31.01822668199027
307.0206801172869
74.66623638881843
34.5869316109541
0.0
0.0
0.7609928284675135
3701.4778325673105
0.257047394310972
20.033755864871974
1682.5015329755709
1978.820949970927
51.284633241922805
0.0
2210.836911553635
25.43162735734935
0.0
6.957061619990318
0.0
0.0
0.0
11.332597127176522
0.0
0.0
0.0
46.74884998491573
5.832656176491508
2125.941910955891
53.64897181188328
13.232251102213791
0.0
5.396330102681934
0.0
14.64014105349986
0.0
17.28971297642947
1628.1561104619445
447.0252116244357
485.43773830628675
308.61867648812927
0.0
4.7335802350566265
0.0
0.0
25.740787682979747
0.0
18.012111979368534
0.0
18.69323764083722
1375.5832079790346
230.1453130105994
701.6602114315378
